ID,Word,Begin,Duration,End
w42002001.06-1,In,0.775,0.154,0.929
w42002001.07-1,those,0.929,0.28,1.209
w42002001.08-1,days,1.218,0.29,1.508
w42002001.09-1,a,1.508,0.131,1.639
w42002001.10-1,decree,1.639,0.525,2.164
w42002001.11-1,went,2.165,0.191,2.356
w42002001.12-1,out,2.355,0.225,2.58
w42002001.13-1,from,2.583,0.245,2.828
w42002001.14-1,Caesar,2.828,0.438,3.266
w42002001.15-1,Augustus,3.267,0.637,3.904
w42002001.16-1,that,4.03,0.166,4.196
w42002001.17-1,all,4.216,0.268,4.484
w42002001.18-1,the,4.486,0.111,4.597
w42002001.19-1,world,4.594,0.411,5.005
w42002001.20-1,should,5.006,0.205,5.211
w42002001.21-1,be,5.211,0.134,5.345
w42002001.22-1,registered,5.344,0.529,5.873
w42002002.01-1,This,6.675,0.201,6.876
w42002002.02-1,was,6.876,0.124,7
w42002002.03-1,the,7,0.11,7.11
w42002002.04-1,first,7.11,0.321,7.431
w42002002.05-1,registration,7.431,0.762,8.193
w42002002.06-1,when,8.193,0.164,8.357
w42002002.07-1,Quirinius,8.357,0.474,8.831
w42002002.08-1,was,8.834,0.206,9.04
w42002002.09-1,governor,9.041,0.338,9.379
w42002002.10-1,of,9.379,0.082,9.461
w42002002.11-1,Syria,9.46,0.477,9.937
w42002003.01-1,And,10.676,0.119,10.795
w42002003.02-1,all,10.794,0.24,11.034
w42002003.03-1,went,11.034,0.186,11.22
w42002003.04-1,to,11.22,0.087,11.307
w42002003.05-1,be,11.307,0.139,11.446
w42002003.06-1,registered,11.446,0.592,12.038
w42002003.07-1,each,12.284,0.251,12.535
w42002003.08-1,to,12.572,0.093,12.665
w42002003.09-1,his,12.665,0.134,12.799
w42002003.10-1,own,12.799,0.275,13.074
w42002003.11-1,town,13.074,0.467,13.541
w42002004.01-1,And,14.369,0.184,14.553
w42002004.02-1,Joseph,14.553,0.358,14.911
w42002004.03-1,also,14.911,0.351,15.262
w42002004.04-1,went,15.262,0.128,15.39
w42002004.05-1,up,15.39,0.152,15.542
w42002004.06-1,from,15.595,0.215,15.81
w42002004.07-1,Galilee,15.811,0.541,16.352
w42002004.08-1,from,16.557,0.074,16.631
w42002004.09-1,the,16.632,0.121,16.753
w42002004.10-1,town,16.752,0.236,16.988
w42002004.11-1,of,16.988,0.097,17.085
w42002004.12-1,Nazareth,17.085,0.559,17.644
w42002004.13-1,to,17.966,0.154,18.12
w42002004.14-1,Judea,18.12,0.575,18.695
w42002004.15-1,to,18.823,0.129,18.952
w42002004.16-1,the,18.952,0.059,19.011
w42002004.17-1,city,19.011,0.31,19.321
w42002004.18-1,of,19.321,0.166,19.487
w42002004.19-1,David,19.487,0.393,19.88
w42002004.20-1,which,20.029,0.161,20.19
w42002004.21-1,is,20.19,0.109,20.299
w42002004.22-1,called,20.321,0.307,20.628
w42002004.23-1,Bethlehem,20.628,0.642,21.27
w42002004.24-1,because,21.76,0.317,22.077
w42002004.25-1,he,22.077,0.116,22.193
w42002004.26-1,was,22.193,0.104,22.297
w42002004.27-1,of,22.297,0.166,22.463
w42002004.28-1,the,22.463,0.059,22.522
w42002004.29-1,house,22.522,0.412,22.934
w42002004.30-1,and,22.935,0.155,23.09
w42002004.31-1,lineage,23.09,0.384,23.474
w42002004.32-1,of,23.474,0.175,23.649
w42002004.33-1,David,23.648,0.421,24.069
w42002005.01-1,to,24.714,0.127,24.841
w42002005.02-1,be,24.84,0.172,25.012
w42002005.03-1,registered,25.013,0.53,25.543
w42002005.04-1,with,25.543,0.125,25.668
w42002005.05-1,Mary,25.668,0.515,26.183
w42002005.06-1,his,26.183,0.172,26.355
w42002005.07-1,betrothed,26.355,0.607,26.962
w42002005.08-1,who,27.134,0.123,27.257
w42002005.09-1,was,27.257,0.166,27.423
w42002005.10-1,with,27.423,0.167,27.59
w42002005.11-1,child,27.59,0.513,28.103
w42002006.01-1,And,29.448,0.161,29.609
w42002006.02-1,while,29.609,0.362,29.971
w42002006.03-1,they,29.97,0.159,30.129
w42002006.04-1,were,30.129,0.166,30.295
w42002006.05-1,there,30.295,0.436,30.731
w42002006.06-1,the,31.072,0.159,31.231
w42002006.07-1,time,31.231,0.431,31.662
w42002006.08-1,came,31.662,0.277,31.939
w42002006.09-1,for,31.939,0.161,32.1
w42002006.10-1,her,32.1,0.093,32.193
w42002006.11-1,to,32.193,0.107,32.3
w42002006.12-1,give,32.299,0.233,32.532
w42002006.13-1,birth,32.522,0.352,32.874
w42002007.01-1,And,33.972,0.133,34.105
w42002007.02-1,she,34.105,0.213,34.318
w42002007.03-1,gave,34.318,0.277,34.595
w42002007.04-1,birth,34.596,0.253,34.849
w42002007.05-1,to,34.888,0.069,34.957
w42002007.06-1,her,34.957,0.171,35.128
w42002007.07-1,firstborn,35.128,0.602,35.73
w42002007.08-1,son,35.73,0.56,36.29
w42002007.09-1,and,36.491,0.166,36.657
w42002007.10-1,wrapped,36.657,0.342,36.999
w42002007.11-1,him,36.998,0.153,37.151
w42002007.12-1,in,37.152,0.119,37.271
w42002007.13-1,swaddling,37.271,0.55,37.821
w42002007.14-1,cloths,37.82,0.542,38.362
w42002007.15-1,and,38.644,0.154,38.798
w42002007.16-1,laid,38.798,0.287,39.085
w42002007.17-1,him,39.085,0.176,39.261
w42002007.18-1,in,39.261,0.087,39.348
w42002007.19-1,a,39.348,0.092,39.44
w42002007.20-1,manger,39.44,0.604,40.044
w42002007.21-1,because,40.182,0.277,40.459
w42002007.22-1,there,40.46,0.131,40.591
w42002007.23-1,was,40.591,0.151,40.742
w42002007.24-1,no,40.742,0.213,40.955
w42002007.25-1,place,40.975,0.312,41.287
w42002007.26-1,for,41.287,0.121,41.408
w42002007.27-1,them,41.408,0.158,41.566
w42002007.28-1,in,41.566,0.116,41.682
w42002007.29-1,the,41.683,0.111,41.794
w42002007.30-1,inn,41.794,0.406,42.2
w42002008.06-1,And,43.166,0.144,43.31
w42002008.07-1,in,43.309,0.089,43.398
w42002008.08-1,the,43.398,0.102,43.5
w42002008.09-1,same,43.5,0.329,43.829
w42002008.10-1,region,43.829,0.406,44.235
w42002008.11-1,there,44.236,0.146,44.382
w42002008.12-1,were,44.382,0.082,44.464
w42002008.13-1,shepherds,44.463,0.495,44.958
w42002008.14-1,out,44.959,0.154,45.113
w42002008.15-1,in,45.112,0.104,45.216
w42002008.16-1,the,45.216,0.094,45.31
w42002008.17-1,field,45.311,0.561,45.872
w42002008.18-1,keeping,45.954,0.295,46.249
w42002008.19-1,watch,46.249,0.334,46.583
w42002008.20-1,over,46.583,0.173,46.756
w42002008.21-1,their,46.756,0.107,46.863
w42002008.22-1,flock,46.863,0.401,47.264
w42002008.23-1,by,47.264,0.124,47.388
w42002008.24-1,night,47.388,0.374,47.762
w42002009.01-1,And,48.751,0.144,48.895
w42002009.02-1,an,48.895,0.176,49.071
w42002009.03-1,angel,49.071,0.409,49.48
w42002009.04-1,of,49.479,0.109,49.588
w42002009.05-1,the,49.588,0.134,49.722
w42002009.06-1,Lord,49.722,0.233,49.955
w42002009.07-1,appeared,49.955,0.491,50.446
w42002009.08-1,to,50.446,0.107,50.553
w42002009.09-1,them,50.553,0.31,50.863
w42002009.10-1,and,51.164,0.126,51.29
w42002009.11-1,the,51.29,0.186,51.476
w42002009.12-1,glory,51.476,0.49,51.966
w42002009.13-1,of,51.967,0.129,52.096
w42002009.14-1,the,52.095,0.092,52.187
w42002009.15-1,Lord,52.187,0.361,52.548
w42002009.16-1,shone,52.548,0.409,52.957
w42002009.17-1,around,52.957,0.436,53.393
w42002009.18-1,them,53.393,0.23,53.623
w42002009.19-1,and,53.899,0.102,54.001
w42002009.20-1,they,54.001,0.084,54.085
w42002009.21-1,were,54.085,0.092,54.177
w42002009.22-1,filled,54.177,0.401,54.578
w42002009.23-1,with,54.578,0.3,54.878
w42002009.24-1,fear,54.878,0.481,55.359
w42002010.01-1,And,55.998,0.107,56.105
w42002010.02-1,the,56.104,0.109,56.213
w42002010.03-1,angel,56.213,0.352,56.565
w42002010.04-1,said,56.565,0.23,56.795
w42002010.05-1,to,56.795,0.102,56.897
w42002010.06-1,them,56.897,0.248,57.145
w42002010.07-1,Fear,57.858,0.327,58.185
w42002010.08-1,not,58.185,0.381,58.566
w42002010.09-1,for,58.767,0.116,58.883
w42002010.10-1,behold,58.883,0.703,59.586
w42002010.11-1,I,60.051,0.272,60.323
w42002010.12-1,bring,60.323,0.188,60.511
w42002010.13-1,you,60.512,0.238,60.75
w42002010.14-1,good,60.75,0.248,60.998
w42002010.15-1,news,60.998,0.593,61.591
w42002010.16-1,of,61.749,0.178,61.927
w42002010.17-1,great,61.927,0.372,62.299
w42002010.18-1,joy,62.299,0.622,62.921
w42002010.19-1,that,63.247,0.114,63.361
w42002010.20-1,will,63.361,0.171,63.532
w42002010.21-1,be,63.532,0.169,63.701
w42002010.22-1,for,63.701,0.151,63.852
w42002010.23-1,all,63.852,0.315,64.167
w42002010.24-1,the,64.167,0.149,64.316
w42002010.25-1,people,64.316,0.481,64.797
w42002011.01-1,For,65.384,0.166,65.55
w42002011.02-1,unto,65.55,0.317,65.867
w42002011.03-1,you,65.867,0.121,65.988
w42002011.04-1,is,65.988,0.173,66.161
w42002011.05-1,born,66.162,0.287,66.449
w42002011.06-1,this,66.449,0.302,66.751
w42002011.07-1,day,66.751,0.316,67.067
w42002011.08-1,in,67.067,0.074,67.141
w42002011.09-1,the,67.142,0.069,67.211
w42002011.10-1,city,67.211,0.28,67.491
w42002011.11-1,of,67.491,0.173,67.664
w42002011.12-1,David,67.664,0.461,68.125
w42002011.13-1,a,68.34,0.087,68.427
w42002011.14-1,Savior,68.426,0.689,69.115
w42002011.15-1,who,69.353,0.126,69.479
w42002011.16-1,is,69.479,0.184,69.663
w42002011.17-1,Christ,69.663,0.411,70.074
w42002011.18-1,the,70.075,0.146,70.221
w42002011.19-1,Lord,70.22,0.528,70.748
w42002012.01-1,And,71.32,0.173,71.493
w42002012.02-1,this,71.493,0.191,71.684
w42002012.03-1,will,71.684,0.131,71.815
w42002012.04-1,be,71.815,0.104,71.919
w42002012.05-1,a,71.919,0.035,71.954
w42002012.06-1,sign,71.954,0.461,72.415
w42002012.07-1,for,72.415,0.162,72.577
w42002012.08-1,you,72.577,0.436,73.013
w42002012.09-1,you,73.352,0.119,73.471
w42002012.10-1,will,73.471,0.094,73.565
w42002012.11-1,find,73.565,0.399,73.964
w42002012.12-1,a,73.963,0.141,74.104
w42002012.13-1,baby,74.105,0.463,74.568
w42002012.14-1,wrapped,74.818,0.416,75.234
w42002012.15-1,in,75.234,0.146,75.38
w42002012.16-1,swaddling,75.381,0.602,75.983
w42002012.17-1,cloths,75.982,0.498,76.48
w42002012.18-1,and,76.48,0.185,76.665
w42002012.19-1,lying,76.665,0.359,77.024
w42002012.20-1,in,77.024,0.092,77.116
w42002012.21-1,a,77.116,0.074,77.19
w42002012.22-1,manger,77.19,0.617,77.807
w42002013.01-1,And,78.542,0.161,78.703
w42002013.02-1,suddenly,78.703,0.624,79.327
w42002013.03-1,there,79.327,0.173,79.5
w42002013.04-1,was,79.501,0.206,79.707
w42002013.05-1,with,79.706,0.196,79.902
w42002013.06-1,the,79.902,0.136,80.038
w42002013.07-1,angel,80.038,0.478,80.516
w42002013.08-1,a,80.516,0.159,80.675
w42002013.09-1,multitude,80.675,0.632,81.307
w42002013.10-1,of,81.307,0.102,81.409
w42002013.11-1,the,81.408,0.072,81.48
w42002013.12-1,heavenly,81.48,0.387,81.867
w42002013.13-1,host,81.867,0.389,82.256
w42002013.14-1,praising,82.657,0.47,83.127
w42002013.15-1,God,83.126,0.349,83.475
w42002013.16-1,and,83.475,0.091,83.566
w42002013.17-1,saying,83.566,0.508,84.074
w42002014.01-1,Glory,84.905,0.508,85.413
w42002014.02-1,to,85.413,0.178,85.591
w42002014.03-1,God,85.591,0.352,85.943
w42002014.04-1,in,85.943,0.079,86.022
w42002014.05-1,the,86.022,0.057,86.079
w42002014.06-1,highest,86.079,0.58,86.659
w42002014.07-1,and,87.058,0.166,87.224
w42002014.08-1,on,87.224,0.18,87.404
w42002014.09-1,earth,87.404,0.385,87.789
w42002014.10-1,peace,88.025,0.338,88.363
w42002014.11-1,among,88.363,0.271,88.634
w42002014.12-1,those,88.634,0.314,88.948
w42002014.13-1,with,88.948,0.165,89.113
w42002014.14-1,whom,89.113,0.197,89.31
w42002014.15-1,he,89.31,0.156,89.466
w42002014.16-1,is,89.466,0.16,89.626
w42002014.17-1,pleased,89.626,0.715,90.341
w42002015.01-1,When,91.824,0.145,91.969
w42002015.02-1,the,91.969,0.117,92.086
w42002015.03-1,angels,92.086,0.396,92.482
w42002015.04-1,went,92.482,0.158,92.64
w42002015.05-1,away,92.64,0.256,92.896
w42002015.06-1,from,92.896,0.215,93.111
w42002015.07-1,them,93.112,0.188,93.3
w42002015.08-1,into,93.3,0.269,93.569
w42002015.09-1,heaven,93.569,0.459,94.028
w42002015.10-1,the,94.204,0.065,94.269
w42002015.11-1,shepherds,94.269,0.489,94.758
w42002015.12-1,said,94.758,0.236,94.994
w42002015.13-1,to,94.994,0.104,95.098
w42002015.14-1,one,95.098,0.128,95.226
w42002015.15-1,another,95.226,0.483,95.709
w42002015.16-1,Let,96.508,0.136,96.644
w42002015.17-1,us,96.644,0.176,96.82
w42002015.18-1,go,96.82,0.139,96.959
w42002015.19-1,over,96.959,0.165,97.124
w42002015.20-1,to,97.124,0.156,97.28
w42002015.21-1,Bethlehem,97.281,0.479,97.76
w42002015.22-1,and,97.76,0.08,97.84
w42002015.23-1,see,97.84,0.312,98.152
w42002015.24-1,this,98.152,0.31,98.462
w42002015.25-1,thing,98.462,0.253,98.715
w42002015.26-1,that,98.715,0.093,98.808
w42002015.27-1,has,98.808,0.134,98.942
w42002015.28-1,happened,98.942,0.516,99.458
w42002015.29-1,which,99.642,0.208,99.85
w42002015.30-1,the,99.85,0.113,99.963
w42002015.31-1,Lord,99.964,0.24,100.204
w42002015.32-1,has,100.203,0.13,100.333
w42002015.33-1,made,100.333,0.225,100.558
w42002015.34-1,known,100.558,0.281,100.839
w42002015.35-1,to,100.839,0.085,100.924
w42002015.36-1,us,100.924,0.353,101.277
w42002016.01-1,And,101.996,0.128,102.124
w42002016.02-1,they,102.124,0.169,102.293
w42002016.03-1,went,102.293,0.279,102.572
w42002016.04-1,with,102.572,0.13,102.702
w42002016.05-1,haste,102.702,0.466,103.168
w42002016.06-1,and,103.168,0.117,103.285
w42002016.07-1,found,103.285,0.359,103.644
w42002016.08-1,Mary,103.644,0.355,103.999
w42002016.09-1,and,103.999,0.169,104.168
w42002016.10-1,Joseph,104.168,0.416,104.584
w42002016.11-1,and,104.584,0.132,104.716
w42002016.12-1,the,104.716,0.139,104.855
w42002016.13-1,baby,104.855,0.338,105.193
w42002016.14-1,lying,105.193,0.357,105.55
w42002016.15-1,in,105.55,0.056,105.606
w42002016.16-1,a,105.606,0.058,105.664
w42002016.17-1,manger,105.664,0.567,106.231
w42002017.01-1,And,107.011,0.173,107.184
w42002017.02-1,when,107.184,0.199,107.383
w42002017.03-1,they,107.382,0.121,107.503
w42002017.04-1,saw,107.503,0.346,107.849
w42002017.05-1,it,107.849,0.236,108.085
w42002017.06-1,they,108.382,0.152,108.534
w42002017.07-1,made,108.534,0.21,108.744
w42002017.08-1,known,108.744,0.373,109.117
w42002017.09-1,the,109.117,0.071,109.188
w42002017.10-1,saying,109.188,0.424,109.612
w42002017.11-1,that,109.611,0.102,109.713
w42002017.12-1,had,109.714,0.134,109.848
w42002017.13-1,been,109.848,0.189,110.037
w42002017.14-1,told,110.037,0.373,110.41
w42002017.15-1,them,110.411,0.18,110.591
w42002017.16-1,concerning,110.591,0.502,111.093
w42002017.17-1,this,111.092,0.136,111.228
w42002017.18-1,child,111.228,0.684,111.912
w42002018.01-1,And,112.668,0.152,112.82
w42002018.02-1,all,112.82,0.336,113.156
w42002018.03-1,who,113.157,0.137,113.294
w42002018.04-1,heard,113.294,0.271,113.565
w42002018.05-1,it,113.565,0.262,113.827
w42002018.06-1,wondered,113.827,0.446,114.273
w42002018.07-1,at,114.273,0.113,114.386
w42002018.08-1,what,114.387,0.176,114.563
w42002018.09-1,the,114.563,0.078,114.641
w42002018.10-1,shepherds,114.641,0.505,115.146
w42002018.11-1,told,115.147,0.345,115.492
w42002018.12-1,them,115.492,0.318,115.81
w42002019.01-1,But,116.538,0.188,116.726
w42002019.02-1,Mary,116.726,0.476,117.202
w42002019.03-1,treasured,117.201,0.371,117.572
w42002019.04-1,up,117.572,0.16,117.732
w42002019.05-1,all,117.731,0.241,117.972
w42002019.06-1,these,117.973,0.282,118.255
w42002019.07-1,things,118.254,0.533,118.787
w42002019.08-1,pondering,119.178,0.537,119.715
w42002019.09-1,them,119.715,0.139,119.854
w42002019.10-1,in,119.854,0.098,119.952
w42002019.11-1,her,119.952,0.18,120.132
w42002019.12-1,heart,120.133,0.528,120.661
w42002020.01-1,And,121.551,0.085,121.636
w42002020.02-1,the,121.636,0.071,121.707
w42002020.03-1,shepherds,121.707,0.429,122.136
w42002020.04-1,returned,122.136,0.659,122.795
w42002020.05-1,glorifying,123.144,0.749,123.893
w42002020.06-1,and,123.893,0.258,124.151
w42002020.07-1,praising,124.151,0.563,124.714
w42002020.08-1,God,124.715,0.377,125.092
w42002020.09-1,for,125.092,0.247,125.339
w42002020.10-1,all,125.339,0.217,125.556
w42002020.11-1,they,125.556,0.167,125.723
w42002020.12-1,had,125.723,0.197,125.92
w42002020.13-1,heard,125.92,0.329,126.249
w42002020.14-1,and,126.249,0.119,126.368
w42002020.15-1,seen,126.368,0.591,126.959
w42002020.16-1,as,127.239,0.154,127.393
w42002020.17-1,it,127.394,0.073,127.467
w42002020.18-1,had,127.467,0.173,127.64
w42002020.19-1,been,127.641,0.174,127.815
w42002020.20-1,told,127.815,0.31,128.125
w42002020.21-1,them,128.125,0.249,128.374